Метод возможных направлений:

k1 =

     5


k2 =

     6

______________________________
i=1

 
    x1 ; x2  = 
     0
     0

u= 
     1

   Значения функции:   
     0


k1 =

     1


k2 =

   -0.6371

______________________________
   Шаг номер:   
     2

   Координаты точки:  
    x1 ; x2  = 
    2.7735
    3.3282

u= 
   17.2738

   Значения функции:   
   1.5064e+03


k1 =

    2.0441


k2 =

    2.7880

______________________________
   Шаг номер:   
     3

   Координаты точки:  
    x1 ; x2  = 
    2.9559
    3.2120

u= 
     1

   Значения функции:   
   1.5080e+03


k1 =

     1


k2 =

   -0.6143

______________________________
   Шаг номер:   
     4

   Координаты точки:  
    x1 ; x2  = 
    2.9632
    3.2219

u= 
    4.1338

   Значения функции:   
   1.5106e+03


k1 =

    1.9922


k2 =

    2.8055

______________________________
   Шаг номер:   
     5

   Координаты точки:  
    x1 ; x2  = 
    3.0078
    3.1945

u= 
     1

   Значения функции:   
   1.5107e+03


k1 =

     1


k2 =

   -0.6088

______________________________
   Шаг номер:   
     6

   Координаты точки:  
    x1 ; x2  = 
    3.0082
    3.1950

u= 
    0.9963

   Значения функции:   
   1.5109e+03


k1 =

    1.9809


k2 =

    2.8115

______________________________
   Шаг номер:   
     7

   Координаты точки:  
    x1 ; x2  = 
    3.0191
    3.1885

u= 
     1

   Значения функции:   
   1.5109e+03


k1 =

     1


k2 =

   -0.6075

______________________________
   Шаг номер:   
     8

   Координаты точки:  
    x1 ; x2  = 
    3.0191
    3.1885

u= 
    0.2405

   Значения функции:   
   1.5109e+03


k1 =

    1.9783


k2 =

    2.8131

______________________________
   Шаг номер:   
     9

   Координаты точки:  
    x1 ; x2  = 
    3.0217
    3.1869

u= 
     1

   Значения функции:   
   1.5109e+03


k1 =

     1


k2 =

   -0.6072

______________________________
   Шаг номер:   
    10

   Координаты точки:  
    x1 ; x2  = 
    3.0217
    3.1869

u= 
    0.0581

   Значения функции:   
   1.5109e+03


k1 =

    1.9777


k2 =

    2.8135

______________________________
   Шаг номер:   
    11

   Координаты точки:  
    x1 ; x2  = 
    3.0223
    3.1865

u= 
     1

   Значения функции:   
   1.5109e+03


k1 =

     1


k2 =

   -0.6071

______________________________
   Шаг номер:   
    12

   Координаты точки:  
    x1 ; x2  = 
    3.0223
    3.1865

u= 
    0.0140

   Значения функции:   
   1.5109e+03


k1 =

    1.9775


k2 =

    2.8136

______________________________
   Шаг номер:   
    13

   Координаты точки:  
    x1 ; x2  = 
    3.0225
    3.1864

u= 
     1

   Значения функции:   
   1.5109e+03


k1 =

     1


k2 =

   -0.6071

______________________________
   Шаг номер:   
    14

   Координаты точки:  
    x1 ; x2  = 
    3.0225
    3.1864

u= 
    0.0034

   Значения функции:   
   1.5109e+03