model

% New inequality
A = [
    0,0,-1,1;
    -1,0,1,0;
    0,-10,0,1;
    0,0.01,0.1,1;
    0,0,0,-1;
    0,0,200,100;
];
b = [0,0,0,16.5121,-13.20111,5246.82];
